(39, 23)
(39, 22)
(38, 22)
(37, 22)
(36, 24)
(36, 25)
(37, 27)
(37, 28)
(37, 29)
(37, 30)
(38, 32)
(37, 34)
(36, 36)
(37, 38)
(36, 40)
(36, 41)
(36, 42)
(36, 43)
(37, 45)
(38, 47)
(39, 49)
(40, 51)
(39, 53)
(39, 54)
(40, 56)
(41, 58)
(42, 60)
(43, 62)
(43, 63)
(43, 64)
(44, 65)
(45, 66)
(46, 67)
(47, 67)
(48, 67)
(49, 67)
(50, 67)
(51, 67)
(52, 67)
(53, 67)
(54, 67)
(55, 67)
(56, 67)
(57, 67)
(58, 68)
(59, 69)
(60, 70)
(61, 71)
(62, 72)
(63, 72)
(63, 71)
(64, 71)
(64, 70)
(65, 70)
(66, 71)
(67, 72)
(68, 72)
(69, 72)
(70, 72)
(71, 72)
(71, 71)
(72, 71)
(72, 70)
(73, 70)
(73, 70)
(74, 70)
(75, 71)
(76, 72)
(77, 72)
(78, 72)
(79, 72)
(80, 72)
(80, 71)
(81, 71)
(81, 70)
(82, 70)
(82, 69)
(83, 69)
(83, 68)
(84, 68)
(85, 68)
(86, 68)
(86, 67)
(87, 67)
(88, 68)
(89, 68)
(90, 68)
(90, 67)
(91, 67)
(92, 68)
(93, 68)
(94, 68)
(94, 67)
(95, 67)
(95, 66)
(96, 66)
(96, 66)
(97, 66)
(98, 66)
(99, 67)
(100, 68)
(101, 68)
(102, 68)
(102, 67)
(103, 67)
(104, 68)
(105, 68)
(106, 68)
(106, 67)
(107, 67)
(108, 68)
(109, 68)
(110, 68)
(111, 68)
(112, 69)
(113, 70)
(114, 71)
(115, 72)
(116, 72)
(117, 72)
(118, 72)
(119, 72)
(119, 71)
(120, 71)
(120, 70)
(121, 70)
(121, 70)
(122, 70)
(123, 71)
(124, 72)
(125, 72)
(126, 72)
(127, 72)
(128, 72)
(129, 72)
(130, 72)
(130, 71)
(131, 71)
(131, 70)
(132, 70)
(132, 69)
(133, 69)
(133, 68)
(134, 68)
(134, 67)
(135, 67)
(136, 67)
(137, 67)
(138, 67)
(139, 67)
(140, 67)
(141, 67)
(142, 67)
(143, 67)
(144, 67)
(145, 67)
(146, 67)
(147, 67)
(148, 67)
(149, 67)
(150, 67)
(151, 67)
(152, 67)
(153, 67)
(154, 67)
(154, 68)
(153, 69)
(152, 70)
(151, 70)
(150, 70)
(149, 70)
(149, 71)
(150, 72)
(151, 73)
(152, 74)
(153, 74)
(154, 74)
(154, 75)
(153, 76)
(152, 77)
(151, 77)
(150, 77)
(149, 77)
(149, 78)
(150, 79)
(151, 80)
(152, 81)
(153, 81)
(154, 81)
(154, 82)
(153, 83)
(152, 84)
(151, 84)
(150, 84)
(149, 84)
(149, 85)
(150, 86)
(151, 87)
(152, 88)
(153, 89)
(154, 89)
(154, 90)
(153, 91)
(152, 92)
(151, 92)
(150, 92)
(149, 92)
(149, 93)
(150, 94)
(151, 95)
(152, 96)
(153, 96)
(154, 96)
(154, 97)
(153, 98)
(152, 99)
(151, 99)
(150, 99)
(149, 99)
(149, 100)
(150, 101)
(151, 102)
(152, 103)
(153, 104)
(154, 104)
(154, 105)
(153, 106)
(152, 107)
(151, 107)
(150, 107)
(149, 107)
(149, 108)
(150, 109)
(151, 110)
(152, 111)
(153, 111)
(154, 111)
(154, 112)
(153, 113)
(152, 114)
(151, 114)
(150, 114)
(149, 114)
(148, 116)
(147, 118)
(146, 120)
(146, 121)
(146, 122)
(146, 123)
(146, 124)
(145, 125)
(144, 126)
(143, 127)
(142, 127)
(141, 127)
(140, 127)
(139, 127)
(138, 128)
(137, 129)
(136, 130)
(135, 130)
(134, 131)
(133, 132)
(132, 132)
(131, 132)
(130, 132)
(130, 131)
(129, 131)
(129, 130)
(128, 130)
(127, 131)
(126, 132)
(125, 132)
(124, 132)
(124, 131)
(123, 131)
(122, 132)
(121, 132)
(120, 132)
(119, 132)
(119, 131)
(118, 131)
(118, 130)
(117, 130)
(116, 131)
(115, 132)
(114, 132)
(113, 132)
(112, 132)
(111, 132)
(110, 132)
(109, 132)
(108, 132)
(107, 132)
(106, 132)
(105, 132)
(104, 132)
(103, 132)
(102, 132)
(101, 132)
(100, 132)
(99, 132)
(98, 132)
(97, 132)
(96, 132)
(95, 132)
(94, 132)
(94, 131)
(93, 131)
(93, 130)
(93, 129)
(93, 128)
(92, 128)
(91, 128)
(90, 128)
(89, 128)
(88, 128)
(87, 128)
(86, 128)
(85, 128)
(85, 127)
(84, 127)
(84, 126)
(83, 126)
(83, 126)
(82, 126)
(81, 126)
(81, 127)
(80, 127)
(79, 127)
(78, 127)
(77, 127)
(76, 127)
(75, 127)
(74, 127)
(73, 127)
(72, 127)
(71, 127)
(70, 127)
(69, 127)
(68, 127)
(67, 127)
(66, 127)
(65, 127)
(64, 127)
(63, 127)
(62, 127)
(61, 127)
(61, 126)
(60, 126)
(60, 125)
(59, 125)
(59, 125)
(59, 126)
(58, 126)
(57, 126)
(56, 126)
(55, 127)
(54, 127)
(53, 127)
(53, 126)
(52, 126)
(52, 125)
(51, 125)
(51, 125)
(51, 126)
(50, 126)
(49, 126)
(48, 126)
(47, 127)
(46, 127)
(45, 127)
(45, 126)
(44, 126)
(44, 125)
(43, 125)
(43, 125)
(43, 126)
(42, 126)
(41, 126)
(40, 126)
(39, 127)
(38, 127)
(37, 127)
(37, 126)
(36, 126)
(36, 125)
(35, 125)
(35, 125)
(35, 126)
(34, 126)
(33, 126)
(32, 126)
(31, 127)
(30, 127)
(29, 127)
(29, 126)
(28, 126)
(28, 125)
(27, 126)
(26, 127)
(26, 126)
(25, 126)
(24, 127)
(23, 128)
