(2, 71)
(3, 71)
(4, 71)
(5, 71)
(6, 71)
(7, 71)
(8, 71)
(9, 71)
(10, 71)
(11, 71)
(12, 71)
(13, 71)
(14, 71)
(14, 70)
(15, 70)
(15, 69)
(16, 69)
(17, 69)
(18, 69)
(18, 68)
(19, 68)
(19, 67)
(20, 67)
(21, 67)
(22, 67)
(22, 66)
(23, 66)
(23, 65)
(24, 65)
(25, 65)
(26, 65)
(27, 65)
(28, 65)
(29, 66)
(30, 67)
(31, 68)
(32, 69)
(33, 70)
(34, 71)
(35, 71)
(36, 71)
(37, 71)
(38, 71)
(39, 71)
(40, 71)
(41, 71)
(42, 71)
(43, 71)
(44, 71)
(45, 71)
(46, 71)
(46, 70)
(47, 70)
(47, 69)
(48, 69)
(48, 68)
(49, 68)
(49, 67)
(50, 67)
(51, 67)
(51, 66)
(52, 66)
(52, 65)
(53, 65)
(53, 64)
(54, 64)
(54, 64)
(55, 64)
(56, 65)
(57, 66)
(58, 67)
(59, 67)
(59, 66)
(60, 66)
(60, 65)
(61, 65)
(61, 64)
(62, 64)
(62, 64)
(63, 64)
(64, 65)
(65, 66)
(66, 67)
(67, 67)
(67, 66)
(68, 66)
(68, 65)
(69, 65)
(69, 64)
(70, 64)
(70, 64)
(71, 64)
(72, 65)
(73, 66)
(74, 67)
(75, 67)
(76, 67)
(77, 68)
(78, 69)
(79, 70)
(80, 71)
(80, 70)
(81, 70)
(81, 69)
(82, 69)
(82, 68)
(83, 68)
(83, 67)
(84, 67)
(85, 67)
(86, 67)
(87, 68)
(88, 69)
(89, 70)
(90, 71)
(91, 71)
(92, 71)
(93, 71)
(94, 71)
(95, 71)
(96, 71)
(97, 71)
(98, 71)
(99, 71)
(99, 70)
(100, 70)
(100, 69)
(101, 69)
(101, 68)
(101, 67)
(101, 66)
(102, 66)
(102, 65)
(102, 64)
(102, 63)
(103, 63)
(104, 63)
(105, 63)
(106, 63)
(107, 63)
(108, 63)
(109, 63)
(110, 63)
(110, 62)
(110, 61)
(110, 60)
(110, 59)
(110, 58)
(110, 57)
(110, 56)
(110, 55)
(110, 54)
(110, 53)
(110, 52)
(109, 52)
(109, 51)
(108, 51)
(108, 50)
(107, 50)
(107, 49)
(106, 49)
(106, 48)
(105, 48)
(104, 48)
(103, 48)
(102, 48)
(101, 48)
(100, 48)
(99, 48)
(98, 48)
(98, 47)
(98, 46)
(98, 45)
(98, 44)
(98, 43)
(98, 42)
(98, 41)
(99, 41)
(100, 41)
(101, 41)
(102, 41)
(103, 41)
(104, 41)
(105, 41)
(106, 41)
(107, 41)
(108, 41)
(109, 41)
(110, 41)
(111, 41)
(112, 41)
(113, 41)
(114, 41)
(115, 41)
(116, 41)
(117, 41)
(118, 41)
(119, 41)
(120, 41)
(121, 41)
(122, 41)
(123, 41)
(124, 41)
(125, 41)
(126, 41)
(126, 40)
(127, 40)
(127, 39)
(128, 39)
(128, 38)
(129, 38)
(129, 37)
(130, 37)
(131, 37)
(131, 36)
(132, 36)
(132, 35)
(133, 35)
(133, 34)
(134, 34)
(134, 34)
(135, 34)
(136, 35)
(137, 36)
(138, 37)
(139, 37)
(139, 36)
(140, 36)
(140, 35)
(141, 35)
(141, 34)
(142, 34)
(142, 34)
(143, 34)
(144, 35)
(145, 36)
(146, 37)
(147, 37)
(147, 36)
(148, 36)
(148, 35)
(149, 35)
(149, 34)
(150, 34)
(150, 34)
(151, 34)
(152, 35)
(153, 36)
(154, 37)
(155, 37)
(155, 36)
(156, 36)
(156, 35)
(157, 35)
(157, 34)
(158, 34)
(158, 34)
(159, 34)
(160, 35)
(161, 36)
(162, 37)
(162, 36)
(162, 35)
(162, 34)
(162, 33)
(163, 33)
(164, 33)
(165, 33)
(166, 33)
(167, 33)
(168, 33)
(169, 33)
(170, 33)
(171, 33)
(171, 32)
(172, 32)
(172, 31)
(173, 31)
(173, 30)
(174, 30)
(175, 31)
(176, 32)
(177, 33)
(178, 34)
(179, 34)
(179, 33)
(180, 33)
(180, 32)
(181, 32)
(181, 32)
(182, 32)
(183, 33)
(184, 33)
(185, 33)
(186, 33)
(187, 33)
(188, 33)
(189, 33)
(190, 33)
(190, 32)
(190, 31)
(190, 30)
(190, 29)
(190, 28)
(190, 27)
(190, 26)
(189, 26)
(188, 26)
(187, 26)
(186, 26)
(185, 26)
(184, 26)
(183, 26)
(182, 26)
(182, 25)
(181, 25)
(181, 24)
(180, 24)
(180, 23)
(179, 23)
(179, 23)
(178, 23)
(178, 22)
(178, 21)
(178, 20)
(178, 19)
(178, 18)
(178, 17)
(178, 16)
(178, 15)
(178, 14)
(178, 13)
(178, 12)
(178, 11)
(179, 11)
(180, 11)
(180, 10)
(181, 10)
(181, 9)
(182, 9)
(182, 9)
(183, 9)
(183, 8)
(183, 7)
(183, 6)
(184, 6)
(184, 5)
(185, 5)
(185, 4)
(186, 4)
(187, 5)
(188, 6)
(189, 6)
(190, 7)
(191, 8)
(192, 9)
(193, 10)
(194, 11)
(195, 11)
(196, 11)
(197, 11)
(198, 11)
(199, 11)
(200, 11)
(201, 11)
(202, 11)
(203, 11)
(204, 11)
(205, 11)
(206, 11)
(207, 11)
(208, 11)
(209, 11)
(210, 11)
(210, 10)
(210, 9)
(210, 8)
(210, 7)
(210, 6)
(210, 5)
(210, 4)
(210, 3)
(211, 3)
(211, 2)
(212, 2)
(212, 1)
(213, 1)
(214, 1)
(215, 1)
(215, 2)
(215, 3)
(215, 4)
(215, 5)
(215, 6)
(215, 7)
(215, 8)
(215, 9)
(216, 10)
(217, 11)
(218, 11)
(219, 11)
(220, 11)
(221, 11)
(222, 11)
(223, 11)
(224, 11)
(225, 11)
(226, 11)
(227, 11)
(228, 11)
(229, 11)
(230, 11)
(231, 11)
(232, 11)
(233, 11)
(234, 11)
(235, 11)
(236, 11)
(237, 11)
(238, 11)
(239, 11)
(240, 11)
(241, 11)
(242, 11)
(243, 11)
(244, 11)
(245, 11)
(246, 11)
(247, 11)
(248, 11)
(248, 10)
(249, 10)
(249, 9)
(250, 9)
(251, 9)
(252, 9)
